7f454c
460201
010000
000000
000000
000200
3e0001
000000
e00840
000000
000040
000000
000000
00381d
000000
000000
000000
004000
380009
004000
20001d
000600
000005
000000
400000
000000
000040
004000
000000
004000
400000
000000
f80100
000000
0000f8
010000
000000
000800
000000
000000
030000
000400
000038
020000
000000
003802
400000
000000
380240
000000
00001c
000000
000000
001c00
000000
000000
010000
000000
000001
000000
050000
000000
000000
000000
000040
000000
000000
004000
000000
00180d
000000
000000
180d00
000000
000000
002000
000000
000100
000006
000000
e80d00
000000
0000e8
0d6000
000000
00e80d
600000
000000
980200
000000
0000a0
020000
000000
000000
200000
000000
020000
000600
000008
0e0000
000000
00080e
600000
000000
080e60
000000
0000f0
010000
000000
00f001
000000
000000
080000
000000
000004
000000
040000
005402
000000
000000
540240
000000
000054
024000
000000
004400
000000
000000
440000
000000
000004
000000
000000
0050e5
746404
000000
6c0b00
000000
00006c
0b4000
000000
006c0b
400000
000000
440000
000000
000044
000000
000000
000400
000000
000000
51e574
640600
000000
000000
000000
000000
000000
000000
000000
000000
000000
000000
000000
000000
000000
000000
100000
000000
000052
e57464
040000
00e80d
000000
000000
e80d60
000000
0000e8
0d6000
000000
001802
000000
000000
180200
000000
000001
000000
000000
002f6c
696236
342f6c
642d6c
696e75
782d78
38362d
36342e
736f2e
320004
000000
100000
000100
000047
4e5500
000000
000200
000006
000000
200000
000400
000014
000000
030000
00474e
5500ef
141e5a
b7d4d6
37f6ab
579a84
49c38c
681287
330200
00000e
000000
010000
000600
000000
001000
200100
010e00
000000
000000
2845d5
4c7949
6bb600
000000
000000
000000
000000
000000
000000
000000
000010
000000
200000
000000
000000
000000
000000
000000
00001f
000000
200000
000000
000000
000000
000000
000000
0000f1
000000
120000
000000
000000
000000
000000
000000
000088
010000
120000
000000
000000
000000
000000
000000
00007b
010000
120000
000000
000000
000000
000000
000000
000033
000000
200000
000000
000000
000000
000000
000000
00004f
000000
200000
000000
000000
000000
000000
000000
000009
010000
120000
000000
000000
000000
000000
000000
00006a
010000
120000
000000
000000
000000
000000
000000
000069
000000
120000
000000
000000
000000
000000
000000
0000a3
000000
120000
000000
000000
000000
000000
000000
0000e4
000000
120000
000000
000000
000000
000000
000000
000051
010000
120000
000000
000000
000000
000000
000000
000076
000000
120000
005008
400000
000000
000000
000000
00008e
000000
120000
00b008
400000
000000
000000
000000
000000
6c6962
737464
632b2b
2e736f
2e3600
5f5f67
6d6f6e
5f7374
617274
5f5f00
5f4a76
5f5265
676973
746572
436c61
737365
73005f
49544d
5f6465
726567
697374
657254
4d436c
6f6e65
546162
6c6500
5f4954
4d5f72
656769
737465
72544d
436c6f
6e6554
61626c
65005f
5a4e53
614963
454431
457600
5f5a4e
537438
696f73
5f6261
736534
496e69
744431
457600
5f5f67
78785f
706572
736f6e
616c69
74795f
763000
5f5a4e
537437
5f5f63
787831
313132
626173
69635f
737472
696e67
496353
743131
636861
725f74
726169
747349
634553
614963
454543
314550
4b6352
4b5333
5f005f
5a4e53
614963
454331
457600
5f5a4e
537438
696f73
5f6261
736534
496e69
744331
457600
5f5a4e
537437
5f5f63
787831
313132
626173
69635f
737472
696e67
496353
743131
636861
725f74
726169
747349
634553
614963
454544
314576
006c69
626763
635f73
2e736f
2e3100
5f556e
77696e
645f52
657375
6d6500
6c6962
632e73
6f2e36
005f5f
737461
636b5f
63686b
5f6661
696c00
5f5f63
78615f
617465
786974
005f5f
6c6962
635f73
746172
745f6d
61696e
004743
435f33
2e3000
474c49
42435f
322e34
00474c
494243
5f322e
322e35
004358
584142
495f31
2e3300
474c49
424358
585f33
2e342e
323100
474c49
424358
585f33
2e3400
000000
000000
020003
000300
000000
000400
050002
000400
020007
000200
060000
000100
010043
010000
100000
002000
000050
26790b
000007
009a01
000000
000000
010002
006001
000010
000000
300000
001469
690d00
000500
a20100
001000
000075
1a6909
000003
00ac01
000000
000000
010003
000100
000010
000000
000000
00d3af
6b0500
000600
b80100
001000
000071
f89702
000004
00c301
000010
000000
742992
080000
0200d2
010000
000000
00f80f
600000
000000
060000
000100
000000
000000
000000
001810
600000
000000
070000
000300
000000
000000
000000
002010
600000
000000
070000
000400
000000
000000
000000
002810
600000
000000
070000
000500
000000
000000
000000
003010
600000
000000
070000
000e00
000000
000000
000000
003810
600000
000000
070000
000800
000000
000000
000000
004010
600000
000000
070000
000900
000000
000000
000000
004810
600000
000000
070000
000a00
000000
000000
000000
005010
600000
000000
070000
000b00
000000
000000
000000
005810
600000
000000
070000
000c00
000000
000000
000000
006010
600000
000000
070000
000f00
000000
000000
000000
006810
600000
000000
070000
000d00
000000
000000
000000
004883
ec0848
8b05fd
072000
4885c0
7405e8
cb0000
004883
c408c3
000000
000000
ff35f2
072000
ff25f4
072000
0f1f40
00ff25
f20720
006800
000000
e9e0ff
ffffff
25ea07
200068
010000
00e9d0
ffffff
ff25e2
072000
680200
0000e9
c0ffff
ffff25
da0720
006803
000000
e9b0ff
ffffff
25d207
200068
040000
00e9a0
ffffff
ff25ca
072000
680500
0000e9
90ffff
ffff25
c20720
006806
000000
e980ff
ffffff
25ba07
200068
070000
00e970
ffffff
ff25b2
072000
680800
0000e9
60ffff
ffff25
aa0720
006809
000000
e950ff
ffffff
25a207
200068
0a0000
00e940
ffffff
ff2522
072000
669000
000000
000000
0031ed
4989d1
5e4889
e24883
e4f050
5449c7
c0300b
400048
c7c1c0
0a4000
48c7c7
d60940
00e827
ffffff
f4660f
1f4400
00b887
106000
55482d
801060
004883
f80e48
89e576
1bb800
000000
4885c0
74115d
bf8010
6000ff
e0660f
1f8400
000000
005dc3
0f1f40
00662e
0f1f84
000000
0000be
801060
005548
81ee80
106000
48c1fe
034889
e54889
f048c1
e83f48
01c648
d1fe74
15b800
000000
4885c0
740b5d
bf8010
6000ff
e00f1f
005dc3
660f1f
440000
803de9
062000
007511
554889
e5e86e
ffffff
5dc605
d60620
0001f3
c30f1f
4000bf
000e60
004883
3f0075
05eb93
0f1f00
b80000
000048
85c074
f15548
89e5ff
d05de9
7affff
ff5548
89e553
4883ec
486448
8b0425
280000
004889
45e831
c0488d
45bf48
89c7e8
a6feff
ff488d
55bf48
8d45c0
be480b
400048
89c7e8
81feff
ff488d
45bf48
89c7e8
65feff
ffbb00
000000
488d45
c04889
c7e834
feffff
89d848
8b4de8
644833
0c2528
000000
7421eb
1a4889
c3488d
45bf48
89c7e8
32feff
ff4889
d84889
c7e867
feffff
e812fe
ffff48
83c448
5b5dc3
554889
e54883
ec1089
7dfc89
75f883
7dfc01
752781
7df8ff
ff0000
751ebf
811060
00e894
fdffff
ba7810
6000be
811060
00bf50
084000
e8a0fd
ffff90
c9c355
4889e5
beffff
0000bf
010000
00e8af
ffffff
5dc30f
1f8400
000000
004157
415641
89ff41
554154
4c8d25
160320
005548
8d2d1e
032000
534989
f64989
d54c29
e54883
ec0848
c1fd03
e8fffc
ffff48
85ed74
2031db
0f1f84
000000
00004c
89ea4c
89f644
89ff41
ff14dc
4883c3
014839
eb75ea
4883c4
085b5d
415c41
5d415e
415fc3
90662e
0f1f84
000000
0000f3
c30000
4883ec
084883
c408c3
000000
010002
000000
000061
636365
737364
656e69
65647b
63306c
307235
5f6172
335f61
773373
306d33
7d0000
000001
1b033b
400000
000700
0000a4
fcffff
8c0000
0074fd
ffff5c
000000
6afeff
ffd400
0000f9
feffff
fc0000
0037ff
ffff1c
010000
54ffff
ff3c01
0000c4
ffffff
840100
001400
000000
000000
017a52
000178
10011b
0c0708
900107
101400
00001c
000000
10fdff
ff2a00
000000
000000
000000
001400
000000
000000
017a52
000178
10011b
0c0708
900100
002400
00001c
000000
10fcff
ffc000
000000
0e1046
0e184a
0f0b77
088000
3f1a3b
2a3324
220000
00001c
000000
000000
00017a
504c52
000178
100703
b00840
00031b
0c0708
900100
002400
000024
000000
8efdff
ff8f00
000004
0c0d40
00410e
108602
430d06
458303
02850c
070800
00001c
000000
8c0000
00f5fd
ffff3e
000000
00410e
108602
430d06
790c07
080000
001c00
0000ac
000000
13feff
ff1500
000000
410e10
860243
0d0650
0c0708
000000
440000
00cc00
000010
feffff
650000
000042
0e108f
02420e
188e03
450e20
8d0442
0e288c
05480e
308606
480e38
83074d
0e4072
0e3841
0e3041
0e2842
0e2042
0e1842
0e1042
0e0800
140000
001401
000038
feffff
020000
000000
000000
000000
000000
00ffff
010834
056900
513200
000000
000000
000000
000000
000000
000000
000000
000000
000000
000000
000000
000000
000000
000000
000000
000000
000000
000000
000000
000000
000000
000000
000000
000000
000000
000000
000000
000000
000000
000000
000000
000000
000000
000000
000000
000000
000000
000000
000000
000000
000000
000000
000000
000000
000000
000000
000000
000000
000000
000000
000000
000000
000000
000000
000000
000000
000000
000000
000000
000000
000000
000000
000000
000000
000000
000000
000000
000000
000000
0000b0
094000
000000
00a30a
400000
000000
900940
000000
000000
000000
000000
000100
000000
000000
010000
000000
000001
000000
000000
004301
000000
000000
010000
000000
000060
010000
000000
000c00
000000
000000
f00740
000000
00000d
000000
000000
00340b
400000
000000
190000
000000
0000e8
0d6000
000000
001b00
000000
000000
100000
000000
00001a
000000
000000
00f80d
600000
000000
1c0000
000000
000008
000000
000000
00f5fe
ff6f00
000000
980240
000000
000005
000000
000000
004004
400000
000000
060000
000000
0000c0
024000
000000
000a00
000000
000000
de0100
000000
00000b
000000
000000
001800
000000
000000
150000
000000
000000
000000
000000
000300
000000
000000
001060
000000
000002
000000
000000
000801
000000
000000
140000
000000
000007
000000
000000
001700
000000
000000
e80640
000000
000007
000000
000000
00d006
400000
000000
080000
000000
000018
000000
000000
000900
000000
000000
180000
000000
0000fe
ffff6f
000000
004006
400000
000000
ffffff
6f0000
000003
000000
000000
00f0ff
ff6f00
000000
1e0640
000000
000000
000000
000000
000000
000000
000000
000000
000000
000000
000000
000000
000000
000000
000000
000000
000000
000000
000000
000000
000000
000000
000000
000000
000000
000000
000000
000000
000000
000000
000000
000000
000000
000000
000000
000000
00080e
600000
000000
000000
000000
000000
000000
000000
002608
400000
000000
360840
000000
000046
084000
000000
005608
400000
000000
660840
000000
000076
084000
000000
008608
400000
000000
960840
000000
0000a6
084000
000000
00b608
400000
000000
c60840
000000
000000
000000
000000
000000
000000
000000
474343
3a2028
556275
6e7475
20352e
342e30
2d3675
62756e
747531
7e3136
2e3034
2e3130
292035
2e342e
302032
303136
303630
390000
000000
000000
000000
000000
000000
000000
000000
000000
000000
000000
030001
003802
400000
000000
000000
000000
000000
000000
030002
005402
400000
000000
000000
000000
000000
000000
030003
007402
400000
000000
000000
000000
000000
000000
030004
009802
400000
000000
000000
000000
000000
000000
030005
00c002
400000
000000
000000
000000
000000
000000
030006
004004
400000
000000
000000
000000
000000
000000
030007
001e06
400000
000000
000000
000000
000000
000000
030008
004006
400000
000000
000000
000000
000000
000000
030009
00d006
400000
000000
000000
000000
000000
000000
03000a
00e806
400000
000000
000000
000000
000000
000000
03000b
00f007
400000
000000
000000
000000
000000
000000
03000c
001008
400000
000000
000000
000000
000000
000000
03000d
00d008
400000
000000
000000
000000
000000
000000
03000e
00e008
400000
000000
000000
000000
000000
000000
03000f
00340b
400000
000000
000000
000000
000000
000000
030010
00400b
400000
000000
000000
000000
000000
000000
030011
006c0b
400000
000000
000000
000000
000000
000000
030012
00b00b
400000
000000
000000
000000
000000
000000
030013
000c0d
400000
000000
000000
000000
000000
000000
030014
00e80d
600000
000000
000000
000000
000000
000000
030015
00f80d
600000
000000
000000
000000
000000
000000
030016
00000e
600000
000000
000000
000000
000000
000000
030017
00080e
600000
000000
000000
000000
000000
000000
030018
00f80f
600000
000000
000000
000000
000000
000000
030019
000010
600000
000000
000000
000000
000000
000000
03001a
007010
600000
000000
000000
000000
000000
000000
03001b
008010
600000
000000
000000
000000
000000
000000
03001c
000000
000000
000000
000000
000000
000001
000000
0400f1
ff0000
000000
000000
000000
000000
00000c
000000
010016
00000e
600000
000000
000000
000000
000019
000000
02000e
001009
400000
000000
000000
000000
00001b
000000
02000e
005009
400000
000000
000000
000000
00002e
000000
02000e
009009
400000
000000
000000
000000
000044
000000
01001b
008010
600000
000000
010000
000000
000053
000000
010015
00f80d
600000
000000
000000
000000
00007a
000000
02000e
00b009
400000
000000
000000
000000
000086
000000
010014
00e80d
600000
000000
000000
000000
0000a5
000000
0400f1
ff0000
000000
000000
000000
000000
0000b0
000000
01001b
008110
600000
000000
010000
000000
0000bf
000000
02000e
00650a
400000
000000
3e0000
000000
0000ef
000000
02000e
00a30a
400000
000000
150000
000000
000001
000000
0400f1
ff0000
000000
000000
000000
000000
000003
010000
010012
00080d
400000
000000
000000
000000
000011
010000
010016
00000e
600000
000000
000000
000000
000000
000000
0400f1
ff0000
000000
000000
000000
000000
00001d
010000
000011
006c0b
400000
000000
000000
000000
000030
010000
010019
000010
600000
000000
000000
000000
000046
010000
000014
00f80d
600000
000000
000000
000000
000057
010000
000014
00e80d
600000
000000
000000
000000
00006a
010000
010017
00080e
600000
000000
000000
000000
000070
020000
20001a
007010
600000
000000
000000
000000
000073
010000
12000e
00300b
400000
000000
020000
000000
000074
020000
12000e
00e008
400000
000000
2a0000
000000
000083
010000
200000
000000
000000
000000
000000
000000
000092
010000
200000
000000
000000
000000
000000
000000
00007d
010000
12000f
00340b
400000
000000
000000
000000
0000a6
010000
120000
000000
000000
000000
000000
000000
0000cb
010000
120000
000000
000000
000000
000000
000000
0000ea
010000
120000
000000
000000
000000
000000
000000
000004
020000
120000
005008
400000
000000
000000
000000
000029
020000
200000
000000
000000
000000
000000
000000
000045
020000
110010
00400b
400000
000000
040000
000000
000054
020000
200000
000000
000000
000000
000000
000000
00006e
020000
10001a
007010
600000
000000
000000
000000
00007b
020000
120000
000000
000000
000000
000000
000000
0000c5
020000
11021a
008010
600000
000000
000000
000000
0000d1
020000
11021a
007810
600000
000000
000000
000000
0000de
020000
12000e
00c00a
400000
000000
650000
000000
0000ee
020000
10001b
008010
600000
000000
000000
000000
0000fa
020000
120000
000000
000000
000000
000000
000000
000016
030000
120000
000000
000000
000000
000000
000000
000052
010000
10001b
008810
600000
000000
000000
000000
000030
030000
120000
000000
000000
000000
000000
000000
000081
030000
10001a
008010
600000
000000
000000
000000
000088
030000
120000
000000
000000
000000
000000
000000
0000a2
030000
120000
00b008
400000
000000
000000
000000
0000c3
030000
120000
000000
000000
000000
000000
000000
0000fe
000000
12000e
00d609
400000
000000
8f0000
000000
0000e8
020000
12000b
00f007
400000
000000
000000
000000
000000
637274
737475
66662e
63005f
5f4a43
525f4c
495354
5f5f00
646572
656769
737465
725f74
6d5f63
6c6f6e
657300
5f5f64
6f5f67
6c6f62
616c5f
64746f
72735f
617578
00636f
6d706c
657465
642e37
353934
005f5f
646f5f
676c6f
62616c
5f6474
6f7273
5f6175
785f66
696e69
5f6172
726179
5f656e
747279
006672
616d65
5f6475
6d6d79
005f5f
667261
6d655f
64756d
6d795f
696e69
745f61
727261
795f65
6e7472
790066
6f7265
6e322e
637070
005f5a
53744c
385f5f
696f69
6e6974
005f5a
34315f
5f7374
617469
635f69
6e6974
69616c
697a61
74696f
6e5f61
6e645f
646573
747275
637469
6f6e5f
306969
005f47
4c4f42
414c5f
5f7375
625f49
5f6d61
696e00
5f5f46
52414d
455f45
4e445f
5f005f
5f4a43
525f45
4e445f
5f005f
5f474e
555f45
485f46
52414d
455f48
445200
5f474c
4f4241
4c5f4f
464653
45545f
544142
4c455f
005f5f
696e69
745f61
727261
795f65
6e6400
5f5f69
6e6974
5f6172
726179
5f7374
617274
005f44
594e41
4d4943
005f5f
6c6962
635f63
73755f
66696e
69005f
5f676d
6f6e5f
737461
72745f
5f005f
4a765f
526567
697374
657243
6c6173
736573
005f5a
4e5374
38696f
735f62
617365
34496e
697443
314576
404047
4c4942
435858
5f332e
34005f
5f6c69
62635f
737461
72745f
6d6169
6e4040
474c49
42435f
322e32
2e3500
5f5f63
78615f
617465
786974
404047
4c4942
435f32
2e322e
35005f
5a4e53
743869
6f735f
626173
653449
6e6974
443145
764040
474c49
424358
585f33
2e3400
5f4954
4d5f64
657265
676973
746572
544d43
6c6f6e
655461
626c65
005f49
4f5f73
746469
6e5f75
736564
005f49
544d5f
726567
697374
657254
4d436c
6f6e65
546162
6c6500
5f5f64
617461
5f7374
617274
005f5a
4e5374
375f5f
637878
313131
326261
736963
5f7374
72696e
674963
537431
316368
61725f
747261
697473
496345
536149
634545
443145
764040
474c49
424358
585f33
2e342e
323100
5f5f54
4d435f
454e44
5f5f00
5f5f64
736f5f
68616e
646c65
005f5f
6c6962
635f63
73755f
696e69
74005f
5f6273
735f73
746172
74005f
5f7374
61636b
5f6368
6b5f66
61696c
404047
4c4942
435f32
2e3400
5f5a4e
536149
634544
314576
404047
4c4942
435858
5f332e
34005f
5a4e53
74375f
5f6378
783131
313262
617369
635f73
747269
6e6749
635374
313163
686172
5f7472
616974
734963
455361
496345
454331
45504b
63524b
53335f
404047
4c4942
435858
5f332e
342e32
31005f
656461
746100
5f5a4e
536149
634543
314576
404047
4c4942
435858
5f332e
34005f
5f6778
785f70
657273
6f6e61
6c6974
795f76
304040
435858
414249
5f312e
33005f
556e77
696e64
5f5265
73756d
654040
474343
5f332e
300000
2e7379
6d7461
62002e
737472
746162
002e73
687374
727461
62002e
696e74
657270
002e6e
6f7465
2e4142
492d74
616700
2e6e6f
74652e
676e75
2e6275
696c64
2d6964
002e67
6e752e
686173
68002e
64796e
73796d
002e64
796e73
747200
2e676e
752e76
657273
696f6e
002e67
6e752e
766572
73696f
6e5f72
002e72
656c61
2e6479
6e002e
72656c
612e70
6c7400
2e696e
697400
2e706c
742e67
6f7400
2e7465
787400
2e6669
6e6900
2e726f
646174
61002e
65685f
667261
6d655f
686472
002e65
685f66
72616d
65002e
676363
5f6578
636570
745f74
61626c
65002e
696e69
745f61
727261
79002e
66696e
695f61
727261
79002e
6a6372
002e64
796e61
6d6963
002e67
6f742e
706c74
002e64
617461
002e62
737300
2e636f
6d6d65
6e7400
000000
000000
000000
000000
000000
000000
000000
000000
000000
000000
000000
000000
000000
000000
000000
000000
000000
000000
000000
000000
000000
000000
000000
00001b
000000
010000
000200
000000
000000
380240
000000
000038
020000
000000
001c00
000000
000000
000000
000000
000001
000000
000000
000000
000000
000000
230000
000700
000002
000000
000000
005402
400000
000000
540200
000000
000020
000000
000000
000000
000000
000000
040000
000000
000000
000000
000000
003100
000007
000000
020000
000000
000074
024000
000000
007402
000000
000000
240000
000000
000000
000000
000000
000400
000000
000000
000000
000000
000044
000000
f6ffff
6f0200
000000
000000
980240
000000
000098
020000
000000
002800
000000
000000
050000
000000
000008
000000
000000
000000
000000
000000
4e0000
000b00
000002
000000
000000
00c002
400000
000000
c00200
000000
000080
010000
000000
000600
000001
000000
080000
000000
000018
000000
000000
005600
000003
000000
020000
000000
000040
044000
000000
004004
000000
000000
de0100
000000
000000
000000
000000
000100
000000
000000
000000
000000
00005e
000000
ffffff
6f0200
000000
000000
1e0640
000000
00001e
060000
000000
002000
000000
000000
050000
000000
000002
000000
000000
000200
000000
000000
6b0000
00feff
ff6f02
000000
000000
004006
400000
000000
400600
000000
000090
000000
000000
000600
000003
000000
080000
000000
000000
000000
000000
007a00
000004
000000
020000
000000
0000d0
064000
000000
00d006
000000
000000
180000
000000
000005
000000
000000
000800
000000
000000
180000
000000
000084
000000
040000
004200
000000
000000
e80640
000000
0000e8
060000
000000
000801
000000
000000
050000
001900
000008
000000
000000
001800
000000
000000
8e0000
000100
000006
000000
000000
00f007
400000
000000
f00700
000000
00001a
000000
000000
000000
000000
000000
040000
000000
000000
000000
000000
008900
000001
000000
060000
000000
000010
084000
000000
001008
000000
000000
c00000
000000
000000
000000
000000
001000
000000
000000
100000
000000
000094
000000
010000
000600
000000
000000
d00840
000000
0000d0
080000
000000
000800
000000
000000
000000
000000
000008
000000
000000
000000
000000
000000
9d0000
000100
000006
000000
000000
00e008
400000
000000
e00800
000000
000052
020000
000000
000000
000000
000000
100000
000000
000000
000000
000000
00a300
000001
000000
060000
000000
000034
0b4000
000000
00340b
000000
000000
090000
000000
000000
000000
000000
000400
000000
000000
000000
000000
0000a9
000000
010000
000200
000000
000000
400b40
000000
000040
0b0000
000000
002900
000000
000000
000000
000000
000008
000000
000000
000000
000000
000000
b10000
000100
000002
000000
000000
006c0b
400000
000000
6c0b00
000000
000044
000000
000000
000000
000000
000000
040000
000000
000000
000000
000000
00bf00
000001
000000
020000
000000
0000b0
0b4000
000000
00b00b
000000
000000
5c0100
000000
000000
000000
000000
000800
000000
000000
000000
000000
0000c9
000000
010000
000200
000000
000000
0c0d40
000000
00000c
0d0000
000000
000c00
000000
000000
000000
000000
000001
000000
000000
000000
000000
000000
db0000
000e00
000003
000000
000000
00e80d
600000
000000
e80d00
000000
000010
000000
000000
000000
000000
000000
080000
000000
000000
000000
000000
00e700
00000f
000000
030000
000000
0000f8
0d6000
000000
00f80d
000000
000000
080000
000000
000000
000000
000000
000800
000000
000000
000000
000000
0000f3
000000
010000
000300
000000
000000
000e60
000000
000000
0e0000
000000
000800
000000
000000
000000
000000
000008
000000
000000
000000
000000
000000
f80000
000600
000003
000000
000000
00080e
600000
000000
080e00
000000
0000f0
010000
000000
000600
000000
000000
080000
000000
000010
000000
000000
009800
000001
000000
030000
000000
0000f8
0f6000
000000
00f80f
000000
000000
080000
000000
000000
000000
000000
000800
000000
000000
080000
000000
000001
010000
010000
000300
000000
000000
001060
000000
000000
100000
000000
007000
000000
000000
000000
000000
000008
000000
000000
000800
000000
000000
0a0100
000100
000003
000000
000000
007010
600000
000000
701000
000000
000010
000000
000000
000000
000000
000000
080000
000000
000000
000000
000000
001001
000008
000000
030000
000000
000080
106000
000000
008010
000000
000000
080000
000000
000000
000000
000000
000100
000000
000000
000000
000000
000015
010000
010000
003000
000000
000000
000000
000000
000080
100000
000000
003500
000000
000000
000000
000000
000001
000000
000000
000100
000000
000000
110000
000300
000000
000000
000000
000000
000000
000000
131c00
000000
00001e
010000
000000
000000
000000
000000
010000
000000
000000
000000
000000
000100
000002
000000
000000
000000
000000
000000
000000
00b810
000000
000000
800700
000000
00001f
000000
330000
000800
000000
000000
180000
000000
000009
000000
030000
000000
000000
000000
000000
000000
000038
180000
000000
00db03
000000
000000
000000
000000
000001
000000
000000
000000
000000
000000
